kernel:1:kernel2_clk/clk:500.000000
kernel:0:kernel_clk/clk:300.000000
system::clk_main_a0:250
